read       time:   
0.9   3.3   6.3   9.3  12.6  15.6  18.3  21.8  24.6  27.3  30.6  33.3  36.6  39.3  42.3  45.6  48.6  51.3  54.3  57.3  
60.9  63.3  66.3  69.3  72.6  75.6  78.3  81.8  84.6  87.3  90.6  93.3  96.6  99.3 102.3 105.6 108.6 111.3 114.3 117.3 
120.9 123.3 126.3 129.3

write      time:   Timer1 
0.3   3.3   6.3   9.3  12.3  15.3  18.3  21.5  24.3  27.3  30.3  33.3  36.3  39.3  42.3  45.3  48.3  51.3  54.3  57.3  60.3  63.3  66.3  69.3  72.3  75.3  78.3  81.5  84.3  87.3  90.3  93.3  96.3  99.3 102.3 105.3 108.3 111.3 114.3 117.3 120.3 123.3 126.3 129.3

read       time:   Timer1
0.0   3.0   6.0   9.0  12.0  15.0  18.0  21.2  24.0  27.0  30.0  33.0  36.0  39.0  42.0  45.0  48.0  51.0  54.0  57.0  60.0  63.0  66.0  69.0  72.0  75.0  78.0  81.2  84.0  87.0  90.0  93.0  96.0  99.0 102.0 105.0 108.0 111.0 114.0 117.0 120.0 123.0 126.0 129.0

θ：
Timer1 Read:    0   0   0   0   0   0   0   0.2   
Sub1 read *:    0.3 0.3 0.3 0.3 0.3 0.3 0.3 0.5   
Sub1 read  :    0.9 0.3 0.3 0.3 0.6 0.6 0.3 0.6


read       time:   0.6   5.0  10.0  15.3  20.3  25.2  30.3  35.0  40.3  45.3  50.0  55.0  60.6  65.0  70.0  75.3  80.3  85.2  90.3  95.0 100.3 105.3 110.0 115.0 120.6 125.0
write      time:   0.9   5.3  10.3  15.6  20.6  25.5  30.6  35.3  40.6  45.6  50.3  55.3  60.9  65.3  70.3  75.6  80.6  85.5  90.6  95.3 100.6 105.6 110.3 115.3 120.9 125.3
Sub3
read       time:   
1.5   5.3  10.3  15.9  20.9  25.5  30.9  35.3  40.9  45.9  50.3  55.3  
61.5  65.3  70.3  75.9  80.9  85.5  90.9  95.3 100.9 105.9 110.3 115.3 
121.5 125.3
write      time:   1.8   5.6  10.6  16.2  21.2  25.8  31.2  35.6  41.2  46.2  50.6  55.6  61.8  65.6  70.6  76.2  81.2  85.8  91.2  95.6 101.2 106.2 110.6 115.6 121.8 125.6

w*: 1.2 5.6 10.6 15.9 20.9 25.8 30.9 35.6 40.9 45.9 50.6 55.6

Sub4
read       time:   
1.8   5.6  10.6  16.5  21.5  25.8  31.2  35.6  41.2  46.2  50.6  55.6  
61.8  65.6  70.6  76.5  81.5  85.8  91.2  95.6 101.2 106.2 110.6 115.6 
121.8 125.6
write      time:   2.1   5.9  10.9  16.8  21.8  26.1  31.5  35.9  41.5  46.5  50.9  55.9  62.1  65.9  70.9  76.8  81.8  86.1  91.5  95.9 101.5 106.5 110.9 115.9 122.1 125.9


θ：
Timer3:  0.6   0    0    0.3   0.3   0.2   0.3   0    0.3   0.3   0    0   
Sub3*:   0.9   0.3  0.3  0.6   0.6   0.5   0.6   0.3  0.6   0.6   0.3  0.3
Sub3:    1.5   0.3  0.3  0.9   0.9   0.5   0.9   0.3  0.9   0.9   0.3  0.3

sub4*:   1.2   0.6  0.6  0.9   0.9   0.8   0.8   0.6  0.9   0.9   0.6  0.6

Sub4:    1.8   0.6  0.6  1.5   1.5   0.8   1.2   0.6  1.2   1.2   0.6  0.6