### Timer3 ###
jitter = 0.6
pattern        :   0.6   0.0   0.2   0.0   0.2   0.3   0.5   0.0   0.4   0.0   0.5   0.0   0.4   0.0   0.1   0.3   0.4   0.0   0.2   0.0

Execution times:   0.4                           0.3                           0.3                           0.3    

Execution times:   0.2         0.2         0.2         0.5         0.4         0.2         0.4         0.1         0.4         0.2   


### Sub4 ###
jitter = 1.8
pattern        :   1.8   0.4   1.0   0.3   1.2   1.1   1.2   0.8   1.2   0.6   1.6   0.5   1.4   0.5   0.7   1.1   0.9   0.6   0.9   0.5

Execution times:   0.2         0.2         0.2         0.5         0.4         0.2         0.4         0.1         0.4         0.2   
Execution times:   0.4                           0.3                           0.3                           0.3    
Execution times:   0.5   0.2   0.4   0.2   0.2   0.2   0.1   0.4   0.3   0.3   0.2   0.3   0.2   0.3   0.1   0.3   0.1   0.2   0.3   0.2
Execution times:   0.2         0.2         0.4         0.3         0.3         0.3         0.5         0.4         0.3         0.3 
Execution times:   0.2                           0.3                           0.3                           0.2   
Execution times:   0.3   0.2   0.2   0.1   0.2   0.3   0.3   0.4   0.2   0.3   0.3   0.2   0.3   0.2   0.1   0.3   0.1   0.4   0.1   0.3
