#### info ####
Timer1: T= 4, P= 1, Triggered Event=Sub1
Timer2: T= 5, P= 2, Triggered Event=Sub2
Timer3: T= 6, P= 3, Triggered Event=Sub3
Sub1: T= 4, P= 4, Triggered Event=None
Sub2: T= 5, P= 5, Triggered Event=None
Sub3: T= 6, P= 6, Triggered Event=Sub4
Sub4: T= 6, P= 7, Triggered Event=None

#### read & write & execution time####

### Timer1 ###
jitter = 0
pattern        :   0.0   0.0   0.0   0.0   0.0   0.0   0.0   0.0   0.0   0.0   0.0   0.0   0.0   0.0   0.0   0.0   0.0   0.0   0.0   0.0   0.0   0.0   0.0   0.0   0.0   0.0   0.0   0.0   0.0   0.0
read       time:   0.0   4.0   8.0  12.0  16.0  20.0  24.0  28.0  32.0  36.0  40.0  44.0  48.0  52.0  56.0  60.0  64.0  68.0  72.0  76.0  80.0  84.0  88.0  92.0  96.0 100.0 104.0 108.0 112.0 116.0
write      time:   0.2   4.3   8.2  12.1  16.4  20.2  24.4  28.3  32.5  36.3  40.2  44.4  48.4  52.3  56.3  60.5  64.3  68.3  72.4  76.5  80.2  84.1  88.3  92.1  96.1 100.1 104.3 108.2 112.2 116.3
Execution times:   0.2   0.3   0.2   0.1   0.4   0.2   0.4   0.3   0.5   0.3   0.2   0.4   0.4   0.3   0.3   0.5   0.3   0.3   0.4   0.5   0.2   0.1   0.3   0.1   0.1   0.1   0.3   0.2   0.2   0.3
Read  Intervals:   4.0   4.0   4.0   4.0   4.0   4.0   4.0   4.0   4.0   4.0   4.0   4.0   4.0   4.0   4.0   4.0   4.0   4.0   4.0   4.0   4.0   4.0   4.0   4.0   4.0   4.0   4.0   4.0   4.0
Write Intervals:   4.1   3.9   3.9   4.3   3.8   4.2   3.9   4.2   3.8   3.9   4.2   4.0   3.9   4.0   4.2   3.8   4.0   4.1   4.1   3.7   3.9   4.2   3.8   4.0   4.0   4.2   3.9   4.0   4.1
read  intervals: AVG = 4.000, VAR = 0.000
write intervals: AVG = 4.003, VAR = 0.024

### Timer2 ###
jitter = 0.5
pattern        :   0.2   0.0   0.0   0.0   0.2   0.3   0.0   0.0   0.2   0.0   0.0   0.0   0.5   0.0   0.0   0.0   0.2   0.0   0.0   0.0   0.1   0.0   0.0   0.1
read       time:   0.2   5.0  10.0  15.0  20.2  25.3  30.0  35.0  40.2  45.0  50.0  55.0  60.5  65.0  70.0  75.0  80.2  85.0  90.0  95.0 100.1 105.0 110.0 115.1
write      time:   0.5   5.2  10.2  15.3  20.5  25.6  30.3  35.1  40.6  45.1  50.4  55.5  60.9  65.3  70.2  75.4  80.5  85.4  90.4  95.5 100.5 105.5 110.1 115.3
Execution times:   0.3   0.2   0.2   0.3   0.3   0.3   0.3   0.1   0.4   0.1   0.4   0.5   0.4   0.3   0.2   0.4   0.3   0.4   0.4   0.5   0.4   0.5   0.1   0.2
Read  Intervals:   4.8   5.0   5.0   5.2   5.1   4.7   5.0   5.2   4.8   5.0   5.0   5.5   4.5   5.0   5.0   5.2   4.8   5.0   5.0   5.1   4.9   5.0   5.1
Write Intervals:   4.7   5.0   5.1   5.2   5.1   4.7   4.8   5.5   4.5   5.3   5.1   5.4   4.4   4.9   5.2   5.1   4.9   5.0   5.1   5.0   5.0   4.6   5.2
read  intervals: AVG = 4.996, VAR = 0.038
write intervals: AVG = 4.991, VAR = 0.073

### Timer3 ###
jitter = 0.9
pattern        :   0.5   0.0   0.1   0.0   0.4   0.3   0.3   0.0   0.4   0.0   0.9   0.0   0.4   0.0   0.1   0.4   0.1   0.0   0.2   0.0
read       time:   0.5   6.0  12.1  18.0  24.4  30.3  36.3  42.0  48.4  54.0  60.9  66.0  72.4  78.0  84.1  90.4  96.1 102.0 108.2 114.0
write      time:   0.6   6.1  12.5  18.3  24.6  30.7  36.8  42.1  48.7  54.3  61.2  66.4  72.9  78.3  84.4  90.6  96.4 102.5 108.5 114.2
Execution times:   0.1   0.1   0.4   0.3   0.2   0.4   0.5   0.1   0.3   0.3   0.3   0.4   0.5   0.3   0.3   0.2   0.3   0.5   0.3   0.2
Read  Intervals:   5.5   6.1   5.9   6.4   5.9   6.0   5.7   6.4   5.6   6.9   5.1   6.4   5.6   6.1   6.3   5.7   5.9   6.2   5.8
Write Intervals:   5.5   6.4   5.8   6.3   6.1   6.1   5.3   6.6   5.6   6.9   5.2   6.5   5.4   6.1   6.2   5.8   6.1   6.0   5.7
read  intervals: AVG = 5.974, VAR = 0.161
write intervals: AVG = 5.979, VAR = 0.201

### Sub1 ###
jitter = 1.2
pattern        :   0.6   0.3   0.2   0.5   0.4   0.5   0.6   0.3   0.5   0.8   0.6   0.4   0.7   0.3   0.3   1.2   0.3   0.3   0.9   0.5   0.5   0.4   0.3   0.1   0.4   0.5   0.3   0.5   0.2   0.3
read       time:   0.6   4.3   8.2  12.5  16.4  20.5  24.6  28.3  32.5  36.8  40.6  44.4  48.7  52.3  56.3  61.2  64.3  68.3  72.9  76.5  80.5  84.4  88.3  92.1  96.4 100.5 104.3 108.5 112.2 116.3
write      time:   0.9   4.6   8.4  12.9  16.8  20.9  24.9  28.6  32.9  37.1  41.0  44.6  48.8  52.7  56.6  61.6  64.7  68.8  73.2  76.9  80.9  84.6  88.5  92.5  96.6 100.6 104.6 108.8 112.4 116.7
Execution times:   0.3   0.3   0.2   0.4   0.4   0.4   0.3   0.3   0.4   0.3   0.4   0.2   0.1   0.4   0.3   0.4   0.4   0.5   0.3   0.4   0.4   0.2   0.2   0.4   0.2   0.1   0.3   0.3   0.2   0.4
Read  Intervals:   3.7   3.9   4.3   3.9   4.1   4.1   3.7   4.2   4.3   3.8   3.8   4.3   3.6   4.0   4.9   3.1   4.0   4.6   3.6   4.0   3.9   3.9   3.8   4.3   4.1   3.8   4.2   3.7   4.1
Write Intervals:   3.7   3.8   4.5   3.9   4.1   4.0   3.7   4.3   4.2   3.9   3.6   4.2   3.9   3.9   5.0   3.1   4.1   4.4   3.7   4.0   3.7   3.9   4.0   4.1   4.0   4.0   4.2   3.6   4.3
read  intervals: AVG = 3.990, VAR = 0.112
write intervals: AVG = 3.993, VAR = 0.114

### Sub2 ###
jitter = 1.6
pattern        :   0.9   0.2   0.2   0.3   0.9   0.8   0.7   0.1   1.0   0.1   0.4   0.5   1.6   0.3   0.2   0.4   0.9   0.8   0.6   0.5   0.6   0.5   0.1   0.3
read       time:   0.9   5.2  10.2  15.3  20.9  25.8  30.7  35.1  41.0  45.1  50.4  55.5  61.6  65.3  70.2  75.4  80.9  85.8  90.6  95.5 100.6 105.5 110.1 115.3
write      time:   1.2   5.5  10.6  15.6  21.3  26.1  31.0  35.3  41.3  45.2  50.6  55.7  62.0  65.8  70.6  75.7  81.4  86.3  90.9  95.9 101.0 105.8 110.4 115.7
Execution times:   0.3   0.3   0.4   0.3   0.4   0.3   0.3   0.2   0.3   0.1   0.2   0.2   0.4   0.5   0.4   0.3   0.5   0.5   0.3   0.4   0.4   0.3   0.3   0.4
Read  Intervals:   4.3   5.0   5.1   5.6   4.9   4.9   4.4   5.9   4.1   5.3   5.1   6.1   3.7   4.9   5.2   5.5   4.9   4.8   4.9   5.1   4.9   4.6   5.2
Write Intervals:   4.3   5.1   5.0   5.7   4.8   4.9   4.3   6.0   3.9   5.4   5.1   6.3   3.8   4.8   5.1   5.7   4.9   4.6   5.0   5.1   4.8   4.6   5.3
read  intervals: AVG = 4.974, VAR = 0.279
write intervals: AVG = 4.978, VAR = 0.350

### Sub3 ###
jitter = 2.0
pattern        :   1.2   0.1   0.9   0.3   0.9   1.0   1.1   0.1   0.8   0.3   2.0   0.4   1.2   0.3   0.6   0.9   0.6   0.5   0.8   0.2
read       time:   1.2   6.1  12.9  18.3  24.9  31.0  37.1  42.1  48.8  54.3  62.0  66.4  73.2  78.3  84.6  90.9  96.6 102.5 108.8 114.2
write      time:   1.3   6.4  13.4  18.5  25.3  31.4  37.4  42.3  49.3  54.6  62.2  66.6  73.3  78.4  85.0  91.2  97.0 102.7 109.1 114.6
Execution times:   0.1   0.3   0.5   0.2   0.4   0.4   0.3   0.2   0.5   0.3   0.2   0.2   0.1   0.1   0.4   0.3   0.4   0.2   0.3   0.4
Read  Intervals:   4.9   6.8   5.4   6.6   6.1   6.1   5.0   6.7   5.5   7.7   4.4   6.8   5.1   6.3   6.3   5.7   5.9   6.3   5.4
Write Intervals:   5.1   7.0   5.1   6.8   6.1   6.0   4.9   7.0   5.3   7.6   4.4   6.7   5.1   6.6   6.2   5.8   5.7   6.4   5.5
read  intervals: AVG = 5.947, VAR = 0.627
write intervals: AVG = 5.963, VAR = 0.700

### Sub4 ###
jitter = 2.2
pattern        :   1.3   0.4   1.4   0.5   1.6   1.4   1.4   0.3   1.3   0.6   2.2   0.6   1.3   0.4   1.4   1.2   1.0   0.7   1.1   0.6
read       time:   1.3   6.4  13.4  18.5  25.6  31.4  37.4  42.3  49.3  54.6  62.2  66.6  73.3  78.4  85.4  91.2  97.0 102.7 109.1 114.6
write      time:   1.5   6.7  13.5  18.9  25.8  31.5  37.8  42.4  49.8  54.9  62.5  66.8  73.6  78.8  85.8  91.3  97.3 103.0 109.4 115.1
Execution times:   0.2   0.3   0.1   0.4   0.2   0.1   0.4   0.1   0.5   0.3   0.3   0.2   0.3   0.4   0.4   0.1   0.3   0.3   0.3   0.5
Read  Intervals:   5.1   7.0   5.1   7.1   5.8   6.0   4.9   7.0   5.3   7.6   4.4   6.7   5.1   7.0   5.8   5.8   5.7   6.4   5.5
Write Intervals:   5.2   6.8   5.4   6.9   5.7   6.3   4.6   7.4   5.1   7.6   4.3   6.8   5.2   7.0   5.5   6.0   5.7   6.4   5.7
read  intervals: AVG = 5.963, VAR = 0.765
write intervals: AVG = 5.979, VAR = 0.825

Polling Point: 0.6 1.3 4.3 5.2 6.1 6.4 8.2 10.2 12.5 13.4 15.3 16.4 18.3 18.5 20.5 24.6 25.3 25.8 28.3 30.7 31.4 32.5 35.1 36.8 37.4 40.6 42.1 42.3 44.4 45.1 48.7 49.3 50.4 52.3 54.3 54.6 55.5 56.3 61.2 62.2 64.3 65.3 66.4 66.6 68.3 70.2 72.9 73.3 75.4 76.5 78.3 78.4 80.5 84.4 85.0 85.8 88.3 90.6 91.2 92.1 95.5 96.4 97.0 100.5 102.5 102.7 104.3 105.5 108.5 109.1 110.1 112.2 114.2 114.6 115.3 116.3
PP  Intervals: 0.7 3.0 0.9 0.9 0.3 1.8 2.0 2.3 0.9 1.9 1.1 1.9 0.2 2.0 4.1 0.7 0.5 2.5 2.4 0.7 1.1 2.6 1.7 0.6 3.2 1.5 0.2 2.1 0.7 3.6 0.6 1.1 1.9 2.0 0.3 0.9 0.8 4.9 1.0 2.1 1.0 1.1 0.2 1.7 1.9 2.7 0.4 2.1 1.1 1.8 0.1 2.1 3.9 0.6 0.8 2.5 2.3 0.6 0.9 3.4 0.9 0.6 3.5 2.0 0.2 1.6 1.2 3.0 0.6 1.0 2.1 2.0 0.4 0.7 1.0
AVG = 1.54, VAR = 1.10

No read times detected between other objects' read and write times.
