#### info ####
Timer1: T= 3, P= 1
Timer2: T= 4, P= 2
Timer3: T= 5, P= 3
Sub1: T= 3, P= 4
Sub2: T= 4, P= 5
Sub3: T= 5, P= 6
Sub4: T= 5, P= 7

#### read & write & execution time####

### Timer1 ###
jitter = 0.1
pattern        :   0.0   0.0   0.0   0.0   0.0   0.0   0.0   0.1   0.0   0.0   0.0   0.0   0.0   0.0   0.0   0.0   0.0   0.0   0.0   0.0   0.0   0.0   0.0   0.0   0.0   0.0   0.0   0.0   0.0   0.0   0.0   0.0   0.0   0.0   0.0   0.0   0.0   0.0   0.0   0.0
read       time:   0.0   3.0   6.0   9.0  12.0  15.0  18.0  21.1  24.0  27.0  30.0  33.0  36.0  39.0  42.0  45.0  48.0  51.0  54.0  57.0  60.0  63.0  66.0  69.0  72.0  75.0  78.0  81.0  84.0  87.0  90.0  93.0  96.0  99.0 102.0 105.0 108.0 111.0 114.0 117.0
write      time:   0.4   3.3   6.4   9.4  12.2  15.3  18.3  21.4  24.2  27.4  30.1  33.2  36.1  39.4  42.2  45.4  48.2  51.4  54.3  57.1  60.2  63.3  66.5  69.4  72.2  75.2  78.2  81.3  84.2  87.2  90.5  93.5  96.1  99.5 102.3 105.3 108.2 111.3 114.4 117.4
Execution times:   0.4   0.3   0.4   0.4   0.2   0.3   0.3   0.3   0.2   0.4   0.1   0.2   0.1   0.4   0.2   0.4   0.2   0.4   0.3   0.1   0.2   0.3   0.5   0.4   0.2   0.2   0.2   0.3   0.2   0.2   0.5   0.5   0.1   0.5   0.3   0.3   0.2   0.3   0.4   0.4
Read  Intervals:   3.0   3.0   3.0   3.0   3.0   3.0   3.1   2.9   3.0   3.0   3.0   3.0   3.0   3.0   3.0   3.0   3.0   3.0   3.0   3.0   3.0   3.0   3.0   3.0   3.0   3.0   3.0   3.0   3.0   3.0   3.0   3.0   3.0   3.0   3.0   3.0   3.0   3.0   3.0
Write Intervals:   2.9   3.1   3.0   2.8   3.1   3.0   3.1   2.8   3.2   2.7   3.1   2.9   3.3   2.8   3.2   2.8   3.2   2.9   2.8   3.1   3.1   3.2   2.9   2.8   3.0   3.0   3.1   2.9   3.0   3.3   3.0   2.6   3.4   2.8   3.0   2.9   3.1   3.1   3.0
read  intervals: AVG = 3.000, VAR = 0.001
write intervals: AVG = 3.000, VAR = 0.030

### Timer2 ###
jitter = 0.4
pattern        :   0.4   0.0   0.0   0.2   0.0   0.0   0.2   0.0   0.0   0.1   0.0   0.0   0.2   0.0   0.0   0.2   0.0   0.0   0.2   0.3   0.0   0.2   0.0   0.0   0.1   0.0   0.0   0.2   0.0   0.0
read       time:   0.4   4.0   8.0  12.2  16.0  20.0  24.2  28.0  32.0  36.1  40.0  44.0  48.2  52.0  56.0  60.2  64.0  68.0  72.2  76.3  80.0  84.2  88.0  92.0  96.1 100.0 104.0 108.2 112.0 116.0
write      time:   0.5   4.2   8.2  12.5  16.2  20.3  24.5  28.3  32.4  36.5  40.3  44.2  48.6  52.1  56.1  60.7  64.5  68.4  72.6  76.6  80.3  84.4  88.4  92.2  96.4 100.1 104.4 108.4 112.4 116.3
Execution times:   0.1   0.2   0.2   0.3   0.2   0.3   0.3   0.3   0.4   0.4   0.3   0.2   0.4   0.1   0.1   0.5   0.5   0.4   0.4   0.3   0.3   0.2   0.4   0.2   0.3   0.1   0.4   0.2   0.4   0.3
Read  Intervals:   3.6   4.0   4.2   3.8   4.0   4.2   3.8   4.0   4.1   3.9   4.0   4.2   3.8   4.0   4.2   3.8   4.0   4.2   4.1   3.7   4.2   3.8   4.0   4.1   3.9   4.0   4.2   3.8   4.0
Write Intervals:   3.7   4.0   4.3   3.7   4.1   4.2   3.8   4.1   4.1   3.8   3.9   4.4   3.5   4.0   4.6   3.8   3.9   4.2   4.0   3.7   4.1   4.0   3.8   4.2   3.7   4.3   4.0   4.0   3.9
read  intervals: AVG = 3.986, VAR = 0.028
write intervals: AVG = 3.993, VAR = 0.057

### Timer3 ###
jitter = 0.7
pattern        :   0.5   0.0   0.0   0.3   0.3   0.1   0.1   0.0   0.3   0.4   0.0   0.0   0.7   0.0   0.0   0.2   0.3   0.0   0.5   0.0   0.1   0.3   0.0   0.0
read       time:   0.5   5.0  10.0  15.3  20.3  25.1  30.1  35.0  40.3  45.4  50.0  55.0  60.7  65.0  70.0  75.2  80.3  85.0  90.5  95.0 100.1 105.3 110.0 115.0
write      time:   0.9   5.3  10.1  15.7  20.5  25.3  30.4  35.2  40.6  45.7  50.3  55.4  61.1  65.3  70.5  75.3  80.5  85.3  90.7  95.1 100.2 105.7 110.4 115.3
Execution times:   0.4   0.3   0.1   0.4   0.2   0.2   0.3   0.2   0.3   0.3   0.3   0.4   0.4   0.3   0.5   0.1   0.2   0.3   0.2   0.1   0.1   0.4   0.4   0.3
Read  Intervals:   4.5   5.0   5.3   5.0   4.8   5.0   4.9   5.3   5.1   4.6   5.0   5.7   4.3   5.0   5.2   5.1   4.7   5.5   4.5   5.1   5.2   4.7   5.0
Write Intervals:   4.4   4.8   5.6   4.8   4.8   5.1   4.8   5.4   5.1   4.6   5.1   5.7   4.2   5.2   4.8   5.2   4.8   5.4   4.4   5.1   5.5   4.7   4.9
read  intervals: AVG = 4.978, VAR = 0.104
write intervals: AVG = 4.974, VAR = 0.147

### Sub1 ###
jitter = 1.1
pattern        :   0.9   0.3   0.4   0.4   0.5   0.7   0.3   0.6   0.5   0.4   0.4   0.2   0.5   0.4   0.2   0.7   0.6   0.4   0.3   0.1   1.1   0.3   0.5   0.4   0.6   0.3   0.2   0.8   0.4   0.2   0.7   0.5   0.4   0.5   0.3   0.7   0.4   0.3   0.4   0.4
read       time:   0.9   3.3   6.4   9.4  12.5  15.7  18.3  21.6  24.5  27.4  30.4  33.2  36.5  39.4  42.2  45.7  48.6  51.4  54.3  57.1  61.1  63.3  66.5  69.4  72.6  75.3  78.2  81.8  84.4  87.2  90.7  93.5  96.4  99.5 102.3 105.7 108.4 111.3 114.4 117.4
write      time:   1.2   3.7   6.8   9.5  13.0  16.0  18.6  21.9  24.9  27.5  30.6  33.4  36.7  39.7  42.5  46.1  49.0  51.7  54.7  57.3  61.4  63.4  66.8  69.5  72.9  75.7  78.6  82.2  84.7  87.4  91.0  93.8  96.7  99.9 102.6 106.2 108.9 111.4 114.8 117.7
Execution times:   0.3   0.4   0.4   0.1   0.5   0.3   0.3   0.3   0.4   0.1   0.2   0.2   0.2   0.3   0.3   0.4   0.4   0.3   0.4   0.2   0.3   0.1   0.3   0.1   0.3   0.4   0.4   0.4   0.3   0.2   0.3   0.3   0.3   0.4   0.3   0.5   0.5   0.1   0.4   0.3
Read  Intervals:   2.4   3.1   3.0   3.1   3.2   2.6   3.3   2.9   2.9   3.0   2.8   3.3   2.9   2.8   3.5   2.9   2.8   2.9   2.8   4.0   2.2   3.2   2.9   3.2   2.7   2.9   3.6   2.6   2.8   3.5   2.8   2.9   3.1   2.8   3.4   2.7   2.9   3.1   3.0
Write Intervals:   2.5   3.1   2.7   3.5   3.0   2.6   3.3   3.0   2.6   3.1   2.8   3.3   3.0   2.8   3.6   2.9   2.7   3.0   2.6   4.1   2.0   3.4   2.7   3.4   2.8   2.9   3.6   2.5   2.7   3.6   2.8   2.9   3.2   2.7   3.6   2.7   2.5   3.4   2.9
read  intervals: AVG = 2.987, VAR = 0.108
write intervals: AVG = 2.987, VAR = 0.169

### Sub2 ###
jitter = 1.4
pattern        :   1.2   0.2   0.2   1.0   0.5   0.5   0.9   0.3   0.4   0.7   0.6   0.2   1.0   0.1   0.1   1.4   0.5   0.4   0.9   0.6   0.5   0.7   0.4   0.2   0.7   0.2   0.4   0.9   0.4   0.3
read       time:   1.2   4.2   8.2  13.0  16.5  20.5  24.9  28.3  32.4  36.7  40.6  44.2  49.0  52.1  56.1  61.4  64.5  68.4  72.9  76.6  80.5  84.7  88.4  92.2  96.7 100.2 104.4 108.9 112.4 116.3
write      time:   1.4   4.3   8.7  13.5  16.9  20.9  25.1  28.8  32.7  36.9  40.8  44.4  49.4  52.6  56.6  61.8  64.6  68.8  73.3  77.1  81.0  84.8  88.8  92.5  97.1 100.4 104.9 109.3 112.7 116.8
Execution times:   0.2   0.1   0.5   0.5   0.4   0.4   0.2   0.5   0.3   0.2   0.2   0.2   0.4   0.5   0.5   0.4   0.1   0.4   0.4   0.5   0.5   0.1   0.4   0.3   0.4   0.2   0.5   0.4   0.3   0.5
Read  Intervals:   3.0   4.0   4.8   3.5   4.0   4.4   3.4   4.1   4.3   3.9   3.6   4.8   3.1   4.0   5.3   3.1   3.9   4.5   3.7   3.9   4.2   3.7   3.8   4.5   3.5   4.2   4.5   3.5   3.9
Write Intervals:   2.9   4.4   4.8   3.4   4.0   4.2   3.7   3.9   4.2   3.9   3.6   5.0   3.2   4.0   5.2   2.8   4.2   4.5   3.8   3.9   3.8   4.0   3.7   4.6   3.3   4.5   4.4   3.4   4.1
read  intervals: AVG = 3.969, VAR = 0.282
write intervals: AVG = 3.979, VAR = 0.322

### Sub3 ###
jitter = 1.8
pattern        :   1.4   0.3   0.1   1.2   0.9   0.3   0.6   0.2   0.8   1.1   0.3   0.4   1.8   0.3   0.5   0.7   1.3   0.3   1.0   0.1   0.4   1.2   0.4   0.3
read       time:   1.4   5.3  10.1  16.2  20.9  25.3  30.6  35.2  40.8  46.1  50.3  55.4  61.8  65.3  70.5  75.7  81.3  85.3  91.0  95.1 100.4 106.2 110.4 115.3
write      time:   1.8   5.7  10.6  16.5  21.1  25.8  30.7  35.7  40.9  46.3  50.4  55.7  62.3  65.5  70.9  75.9  81.8  85.6  91.4  95.4 100.8 106.6 110.6 115.5
Execution times:   0.4   0.4   0.5   0.3   0.2   0.5   0.1   0.5   0.1   0.2   0.1   0.3   0.5   0.2   0.4   0.2   0.5   0.3   0.4   0.3   0.4   0.4   0.2   0.2
Read  Intervals:   3.9   4.8   6.1   4.7   4.4   5.3   4.6   5.6   5.3   4.2   5.1   6.4   3.5   5.2   5.2   5.6   4.0   5.7   4.1   5.3   5.8   4.2   4.9
Write Intervals:   3.9   4.9   5.9   4.6   4.7   4.9   5.0   5.2   5.4   4.1   5.3   6.6   3.2   5.4   5.0   5.9   3.8   5.8   4.0   5.4   5.8   4.0   4.9
read  intervals: AVG = 4.952, VAR = 0.545
write intervals: AVG = 4.943, VAR = 0.651

### Sub4 ###
jitter = 2.3
pattern        :   1.8   0.7   0.6   1.9   1.4   0.8   0.7   0.7   0.9   1.3   0.4   0.7   2.3   0.5   0.9   0.9   2.2   0.6   1.4   0.4   0.8   1.6   0.6   0.5
read       time:   1.8   5.7  10.6  16.9  21.4  25.8  30.7  35.7  40.9  46.3  50.4  55.7  62.3  65.5  70.9  75.9  82.2  85.6  91.4  95.4 100.8 106.6 110.6 115.5
write      time:   1.9   5.8  10.7  17.0  21.6  26.0  30.9  35.9  41.2  46.6  50.9  56.0  62.5  65.8  71.1  76.3  82.4  86.0  91.6  95.8 101.2 107.0 110.8 115.7
Execution times:   0.1   0.1   0.1   0.1   0.2   0.2   0.2   0.2   0.3   0.3   0.5   0.3   0.2   0.3   0.2   0.4   0.2   0.4   0.2   0.4   0.4   0.4   0.2   0.2
Read  Intervals:   3.9   4.9   6.3   4.5   4.4   4.9   5.0   5.2   5.4   4.1   5.3   6.6   3.2   5.4   5.0   6.3   3.4   5.8   4.0   5.4   5.8   4.0   4.9
Write Intervals:   3.9   4.9   6.3   4.6   4.4   4.9   5.0   5.3   5.4   4.3   5.1   6.5   3.3   5.3   5.2   6.1   3.6   5.6   4.2   5.4   5.8   3.8   4.9
read  intervals: AVG = 4.943, VAR = 0.792
write intervals: AVG = 4.948, VAR = 0.688

Polling Point: 0.9 1.8 3.3 4.2 5.3 5.7 6.4 8.2 9.4 10.1 10.6 12.5 15.7 16.5 18.3 20.5 21.1 21.6 24.5 25.3 25.8 27.4 28.3 30.4 30.7 32.4 33.2 35.2 35.7 36.5 39.4 40.6 40.9 42.2 44.2 45.7 46.3 48.6 50.3 50.4 51.4 52.1 54.3 55.4 55.7 56.1 57.1 61.1 62.3 63.3 64.5 65.3 65.5 66.5 68.4 69.4 70.5 70.9 72.6 75.3 75.9 76.6 78.2 80.5 81.8 84.4 85.3 85.6 87.2 88.4 90.7 91.4 92.2 93.5 95.1 95.4 96.4 99.5 100.2 100.8 102.3 104.4 105.7 106.6 108.4 110.4 110.6 111.3 112.4 114.4 115.3 115.5 116.3 117.4
PP  Intervals: 0.9 1.5 0.9 1.1 0.4 0.7 1.8 1.2 0.7 0.5 1.9 3.2 0.8 1.8 2.2 0.6 0.5 2.9 0.8 0.5 1.6 0.9 2.1 0.3 1.7 0.8 2.0 0.5 0.8 2.9 1.2 0.3 1.3 2.0 1.5 0.6 2.3 1.7 0.1 1.0 0.7 2.2 1.1 0.3 0.4 1.0 4.0 1.2 1.0 1.2 0.8 0.2 1.0 1.9 1.0 1.1 0.4 1.7 2.7 0.6 0.7 1.6 2.3 1.3 2.6 0.9 0.3 1.6 1.2 2.3 0.7 0.8 1.3 1.6 0.3 1.0 3.1 0.7 0.6 1.5 2.1 1.3 0.9 1.8 2.0 0.2 0.7 1.1 2.0 0.9 0.2 0.8 1.1
AVG = 1.25, VAR = 0.60

No read times detected between other objects' read and write times.
