### info ###
Timer1: T= 3, P= 1
Timer2: T= 4, P= 2
Timer3: T= 5, P= 3
Sub1: P= 4
Sub2: P= 5
Sub3: P= 6
Sub4: P= 7

### read & write & execution time###

### Timer1 ###
Execution times:   0.3   0.1   0.1   0.1   0.4   0.4   0.5   0.3   0.4   0.2   0.5   0.3   0.4   0.3   0.4   0.2   0.2   0.2   0.2   0.4   0.1   0.3   0.1   0.4   0.1   0.5   0.5   0.3   0.2   0.3   0.5   0.4   0.2   0.2   0.1   0.3   0.3   0.3   0.3   0.4   0.4   0.4   0.2   0.3
read       time:   0.0   3.0   6.0   9.0  12.0  15.0  18.0  21.0  24.0  27.0  30.0  33.0  36.2  39.0  42.0  45.0  48.0  51.0  54.0  57.0  60.0  63.0  66.0  69.0  72.0  75.0  78.0  81.2  84.0  87.0  90.0  93.0  96.0  99.0 102.0 105.0 108.0 111.0 114.0 117.0 120.0 123.0 126.0 129.0
write      time:   0.3   3.1   6.1   9.1  12.4  15.4  18.5  21.3  24.4  27.2  30.5  33.3  36.6  39.3  42.4  45.2  48.2  51.2  54.2  57.4  60.1  63.3  66.1  69.4  72.1  75.5  78.5  81.5  84.2  87.3  90.5  93.4  96.2  99.2 102.1 105.3 108.3 111.3 114.3 117.4 120.4 123.4 126.2 129.3
Read  Intervals:   3.0   3.0   3.0   3.0   3.0   3.0   3.0   3.0   3.0   3.0   3.0   3.2   2.8   3.0   3.0   3.0   3.0   3.0   3.0   3.0   3.0   3.0   3.0   3.0   3.0   3.0   3.2   2.8   3.0   3.0   3.0   3.0   3.0   3.0   3.0   3.0   3.0   3.0   3.0   3.0   3.0   3.0   3.0
Write Intervals:   2.8   3.0   3.0   3.3   3.0   3.1   2.8   3.1   2.8   3.3   2.8   3.3   2.7   3.1   2.8   3.0   3.0   3.0   3.2   2.7   3.2   2.8   3.3   2.7   3.4   3.0   3.0   2.7   3.1   3.2   2.9   2.8   3.0   2.9   3.2   3.0   3.0   3.0   3.1   3.0   3.0   2.8   3.1

read  intervals: AVG = 3.000, VAR = 0.004
write intervals: AVG = 3.000, VAR = 0.033

### Timer2 ###
Execution times:   0.4   0.5   0.2   0.2   0.3   0.5   0.1   0.3   0.3   0.2   0.3   0.1   0.4   0.5   0.4   0.1   0.4   0.4   0.3   0.5   0.4   0.5   0.2   0.2   0.1   0.1   0.1   0.3   0.5   0.3   0.1   0.4   0.1
read       time:   0.3   4.0   8.0  12.4  16.0  20.0  24.4  28.0  32.0  36.6  40.0  44.0  48.2  52.0  56.2  60.1  64.0  68.0  72.1  76.0  80.0  84.2  88.0  92.0  96.2 100.0 104.0 108.3 112.0 116.1 120.4 124.0 128.0
write      time:   0.7   4.5   8.2  12.6  16.3  20.5  24.5  28.3  32.3  36.8  40.3  44.1  48.6  52.5  56.6  60.2  64.4  68.4  72.4  76.5  80.4  84.7  88.2  92.2  96.3 100.1 104.1 108.6 112.5 116.4 120.5 124.4 128.1
Read  Intervals:   3.7   4.0   4.4   3.6   4.0   4.4   3.6   4.0   4.6   3.4   4.0   4.2   3.8   4.2   3.9   3.9   4.0   4.1   3.9   4.0   4.2   3.8   4.0   4.2   3.8   4.0   4.3   3.7   4.1   4.3   3.6   4.0
Write Intervals:   3.8   3.7   4.4   3.7   4.2   4.0   3.8   4.0   4.5   3.5   3.8   4.5   3.9   4.1   3.6   4.2   4.0   4.0   4.1   3.9   4.3   3.5   4.0   4.1   3.8   4.0   4.5   3.9   3.9   4.1   3.9   3.7

read  intervals: AVG = 3.991, VAR = 0.069
write intervals: AVG = 3.981, VAR = 0.070

### Timer3 ###
Execution times:   0.3   0.3   0.2   0.3   0.2   0.2   0.2   0.3   0.5   0.1   0.4   0.5   0.3   0.2   0.2   0.5   0.2   0.3   0.1   0.1   0.3   0.4   0.4   0.5   0.3   0.4
read       time:   0.7   5.0  10.0  15.4  20.5  25.3  30.5  35.0  40.3  45.2  50.0  55.0  60.2  65.0  70.0  75.5  80.4  85.3  90.5  95.0 100.1 105.3 110.0 115.0 120.5 125.0
write      time:   1.0   5.3  10.2  15.7  20.7  25.5  30.7  35.3  40.8  45.3  50.4  55.5  60.5  65.2  70.2  76.0  80.6  85.6  90.6  95.1 100.4 105.7 110.4 115.5 120.8 125.4
Read  Intervals:   4.3   5.0   5.4   5.1   4.8   5.2   4.5   5.3   4.9   4.8   5.0   5.2   4.8   5.0   5.5   4.9   4.9   5.2   4.5   5.1   5.2   4.7   5.0   5.5   4.5
Write Intervals:   4.3   4.9   5.5   5.0   4.8   5.2   4.6   5.5   4.5   5.1   5.1   5.0   4.7   5.0   5.8   4.6   5.0   5.0   4.5   5.3   5.3   4.7   5.1   5.3   4.6

read  intervals: AVG = 4.972, VAR = 0.096
write intervals: AVG = 4.976, VAR = 0.127

### Sub1 ###
Execution times:   0.2   0.4   0.4   0.3   0.3   0.3   0.5   0.1   0.4   0.3   0.5   0.1   0.2   0.5   0.4   0.5   0.2   0.3   0.5   0.1   0.3   0.4   0.2   0.1   0.2   0.2   0.4   0.1   0.2   0.4   0.2   0.5   0.4   0.4   0.1   0.2   0.4   0.3   0.2   0.4   0.4   0.5   0.2   0.1
read       time:   1.0   3.1   6.1   9.1  12.6  15.7  18.5  21.6  24.5  27.2  30.7  33.3  36.8  39.3  42.4  45.3  48.6  51.2  54.2  57.4  60.5  63.3  66.1  69.4  72.4  76.5  78.5  82.0  84.7  87.3  90.6  93.4  96.3  99.2 102.1 105.7 108.6 111.3 114.3 117.4 120.8 123.4 126.2 129.3
write      time:   1.2   3.5   6.5   9.4  12.9  16.0  19.0  21.7  24.9  27.5  31.2  33.4  37.0  39.8  42.8  45.8  48.8  51.5  54.7  57.5  60.8  63.7  66.3  69.5  72.6  76.7  78.9  82.1  84.9  87.7  90.8  93.9  96.7  99.6 102.2 105.9 109.0 111.6 114.5 117.8 121.2 123.9 126.4 129.4
Read  Intervals:   2.1   3.0   3.0   3.5   3.1   2.8   3.1   2.9   2.7   3.5   2.6   3.5   2.5   3.1   2.9   3.3   2.6   3.0   3.2   3.1   2.8   2.8   3.3   3.0   4.1   2.0   3.5   2.7   2.6   3.3   2.8   2.9   2.9   2.9   3.6   2.9   2.7   3.0   3.1   3.4   2.6   2.8   3.1
Write Intervals:   2.3   3.0   2.9   3.5   3.1   3.0   2.7   3.2   2.6   3.7   2.2   3.6   2.8   3.0   3.0   3.0   2.7   3.2   2.8   3.3   2.9   2.6   3.2   3.1   4.1   2.2   3.2   2.8   2.8   3.1   3.1   2.8   2.9   2.6   3.7   3.1   2.6   2.9   3.3   3.4   2.7   2.5   3.0

read  intervals: AVG = 2.984, VAR = 0.147
write intervals: AVG = 2.981, VAR = 0.151

### Sub2 ###
Execution times:   0.2   0.4   0.3   0.4   0.3   0.3   0.4   0.1   0.3   0.4   0.5   0.1   0.4   0.3   0.4   0.1   0.3   0.5   0.1   0.4   0.3   0.4   0.4   0.4   0.3   0.2   0.3   0.5   0.3   0.4   0.4   0.1   0.5
read       time:   1.2   4.5   8.2  12.9  16.8  20.7  24.9  28.3  32.3  37.0  40.8  44.1  48.8  52.5  56.6  60.8  64.4  68.4  72.6  76.7  80.6  84.9  88.2  92.2  96.7 100.4 104.1 109.0 112.5 116.4 121.2 124.4 128.1
write      time:   1.4   4.9   8.5  13.3  17.1  21.0  25.3  28.4  32.6  37.4  41.3  44.2  49.2  52.8  57.0  60.9  64.7  68.9  72.7  77.1  80.9  85.3  88.6  92.6  97.0 100.6 104.4 109.5 112.8 116.8 121.6 124.5 128.6
Read  Intervals:   3.3   3.7   4.7   3.9   3.9   4.2   3.4   4.0   4.7   3.8   3.3   4.7   3.7   4.1   4.2   3.6   4.0   4.2   4.1   3.9   4.3   3.3   4.0   4.5   3.7   3.7   4.9   3.5   3.9   4.8   3.2   3.7
Write Intervals:   3.5   3.6   4.8   3.8   3.9   4.3   3.1   4.2   4.8   3.9   2.9   5.0   3.6   4.2   3.9   3.8   4.2   3.8   4.4   3.8   4.4   3.3   4.0   4.4   3.6   3.8   5.1   3.3   4.0   4.8   2.9   4.1

read  intervals: AVG = 3.966, VAR = 0.212
write intervals: AVG = 3.975, VAR = 0.312

### Sub3 ###
Execution times:   0.3   0.3   0.5   0.5   0.3   0.3   0.4   0.5   0.1   0.5   0.1   0.4   0.3   0.2   0.2   0.4   0.3   0.2   0.2   0.1   0.4   0.3   0.2   0.2   0.5   0.3
read       time:   1.4   5.3  10.2  16.3  21.3  25.5  31.2  35.3  41.3  45.8  50.4  55.5  60.9  65.2  70.2  77.1  80.9  85.6  90.8  95.1 100.6 105.9 110.4 115.5 121.6 125.4
write      time:   1.7   5.6  10.7  16.8  21.6  25.8  31.6  35.8  41.4  46.3  50.5  55.9  61.2  65.4  70.4  77.5  81.2  85.8  91.0  95.2 101.0 106.2 110.6 115.7 122.1 125.7
Read  Intervals:   3.9   4.9   6.1   5.0   4.2   5.7   4.1   6.0   4.5   4.6   5.1   5.4   4.3   5.0   6.9   3.8   4.7   5.2   4.3   5.5   5.3   4.5   5.1   6.1   3.8
Write Intervals:   3.9   5.1   6.1   4.8   4.2   5.8   4.2   5.6   4.9   4.2   5.4   5.3   4.2   5.0   7.1   3.7   4.6   5.2   4.2   5.8   5.2   4.4   5.1   6.4   3.6

read  intervals: AVG = 4.960, VAR = 0.613
write intervals: AVG = 4.960, VAR = 0.726

### Sub4 ###
Execution times:   0.2   0.1   0.2   0.2   0.4   0.2   0.2   0.4   0.3   0.2   0.4   0.3   0.4   0.3   0.2   0.4   0.5   0.3   0.2   0.4   0.3   0.1   0.2   0.4   0.3   0.3
read       time:   1.7   5.6  10.7  17.1  21.7  25.8  31.6  35.8  41.4  46.3  50.5  55.9  61.2  65.4  70.4  77.5  81.5  85.8  91.0  95.2 101.0 106.2 110.6 115.7 122.1 125.7
write      time:   1.9   5.7  10.9  17.3  22.1  26.0  31.8  36.2  41.7  46.5  50.9  56.2  61.6  65.7  70.6  77.9  82.0  86.1  91.2  95.6 101.3 106.3 110.8 116.1 122.4 126.0
Read  Intervals:   3.9   5.1   6.4   4.6   4.1   5.8   4.2   5.6   4.9   4.2   5.4   5.3   4.2   5.0   7.1   4.0   4.3   5.2   4.2   5.8   5.2   4.4   5.1   6.4   3.6
Write Intervals:   3.8   5.2   6.4   4.8   3.9   5.8   4.4   5.5   4.8   4.4   5.3   5.4   4.1   4.9   7.3   4.1   4.1   5.1   4.4   5.7   5.0   4.5   5.3   6.3   3.6

read  intervals: AVG = 4.960, VAR = 0.754
write intervals: AVG = 4.964, VAR = 0.766

Polling Point Times:
1.0 1.7 3.1 4.5 5.3 5.6 6.1 8.2 9.1 10.2 10.7 12.6 15.7 16.8 18.5 20.7 21.6 24.5 25.5 25.8 27.2 28.3 30.7 31.6 32.3 33.3 35.3 35.8 36.8 39.3 40.8 41.4 42.4 44.1 45.3 46.3 48.6 50.4 50.5 51.2 52.5 54.2 55.5 55.9 56.6 57.4 60.5 61.2 63.3 64.4 65.2 65.4 66.1 68.4 69.4 70.2 70.4 72.4 76.5 77.5 78.5 80.6 81.2 82.0 84.7 85.6 85.8 87.3 88.2 90.6 91.0 92.2 93.4 95.1 95.2 96.3 99.2 100.4 101.0 102.1 104.1 105.7 106.2 108.6 110.4 110.6 111.3 112.5 114.3 115.5 115.7 116.4 117.4 120.8 122.1 123.4 124.4 125.4 125.7 126.2 128.1 129.3
PP Intervals: 0.7 1.4 1.4 0.8 0.3 0.5 2.1 0.9 1.1 0.5 1.9 3.1 1.1 1.7 2.2 0.9 2.9 1.0 0.3 1.4 1.1 2.4 0.9 0.7 1.0 2.0 0.5 1.0 2.5 1.5 0.6 1.0 1.7 1.2 1.0 2.3 1.8 0.1 0.7 1.3 1.7 1.3 0.4 0.7 0.8 3.1 0.7 2.1 1.1 0.8 0.2 0.7 2.3 1.0 0.8 0.2 2.0 4.1 1.0 1.0 2.1 0.6 0.8 2.7 0.9 0.2 1.5 0.9 2.4 0.4 1.2 1.2 1.7 0.1 1.1 2.9 1.2 0.6 1.1 2.0 1.6 0.5 2.4 1.8 0.2 0.7 1.2 1.8 1.2 0.2 0.7 1.0 3.4 1.3 1.3 1.0 1.0 0.3 0.5 1.9 1.2
AVG = 1.27, VAR = 0.63

No read times detected between other objects' read and write times.
