#### info ####
Timer1: T= 3, P= 1, Triggered Event=Sub1
Timer2: T= 4, P= 2, Triggered Event=Sub2
Timer3: T= 5, P= 3, Triggered Event=Sub3
Sub1: T= 3, P= 4, Triggered Event=None
Sub2: T= 4, P= 5, Triggered Event=None
Sub3: T= 5, P= 6, Triggered Event=Sub4
Sub4: T= 5, P= 7, Triggered Event=None

#### read & write & execution time####

### Timer1 ###
jitter = 0.3
pattern        :   0.0   0.0   0.1   0.0   0.0   0.0   0.0   0.1   0.0   0.0   0.0   0.0   0.0   0.0   0.0   0.0   0.0   0.0   0.0   0.0   0.0   0.0   0.0   0.0   0.0   0.0   0.0   0.0   0.0   0.0   0.0   0.0   0.3   0.0   0.0   0.0   0.0   0.1   0.0   0.0
read       time:   0.0   3.0   6.1   9.0  12.0  15.0  18.0  21.1  24.0  27.0  30.0  33.0  36.0  39.0  42.0  45.0  48.0  51.0  54.0  57.0  60.0  63.0  66.0  69.0  72.0  75.0  78.0  81.0  84.0  87.0  90.0  93.0  96.3  99.0 102.0 105.0 108.0 111.1 114.0 117.0
write      time:   0.4   3.4   6.2   9.4  12.4  15.3  18.5  21.6  24.3  27.5  30.4  33.4  36.3  39.3  42.3  45.5  48.3  51.4  54.4  57.4  60.2  63.5  66.3  69.4  72.3  75.4  78.4  81.4  84.3  87.5  90.4  93.2  96.5  99.3 102.2 105.5 108.3 111.4 114.3 117.4
Execution times:   0.4   0.4   0.1   0.4   0.4   0.3   0.5   0.5   0.3   0.5   0.4   0.4   0.3   0.3   0.3   0.5   0.3   0.4   0.4   0.4   0.2   0.5   0.3   0.4   0.3   0.4   0.4   0.4   0.3   0.5   0.4   0.2   0.2   0.3   0.2   0.5   0.3   0.3   0.3   0.4
Read  Intervals:   3.0   3.1   2.9   3.0   3.0   3.0   3.1   2.9   3.0   3.0   3.0   3.0   3.0   3.0   3.0   3.0   3.0   3.0   3.0   3.0   3.0   3.0   3.0   3.0   3.0   3.0   3.0   3.0   3.0   3.0   3.0   3.3   2.7   3.0   3.0   3.0   3.1   2.9   3.0
Write Intervals:   3.0   2.8   3.2   3.0   2.9   3.2   3.1   2.7   3.2   2.9   3.0   2.9   3.0   3.0   3.2   2.8   3.1   3.0   3.0   2.8   3.3   2.8   3.1   2.9   3.1   3.0   3.0   2.9   3.2   2.9   2.8   3.3   2.8   2.9   3.3   2.8   3.1   2.9   3.1
read  intervals: AVG = 3.000, VAR = 0.006
write intervals: AVG = 3.000, VAR = 0.025

### Timer2 ###
jitter = 0.5
pattern        :   0.4   0.0   0.0   0.4   0.2   0.0   0.3   0.0   0.0   0.3   0.0   0.0   0.3   0.0   0.0   0.2   0.0   0.0   0.3   0.1   0.0   0.3   0.0   0.0   0.5   0.0   0.0   0.3   0.0   0.3
read       time:   0.4   4.0   8.0  12.4  16.2  20.0  24.3  28.0  32.0  36.3  40.0  44.0  48.3  52.0  56.0  60.2  64.0  68.0  72.3  76.1  80.0  84.3  88.0  92.0  96.5 100.0 104.0 108.3 112.0 116.3
write      time:   0.7   4.4   8.4  12.6  16.3  20.2  24.7  28.5  32.1  36.5  40.1  44.4  48.6  52.3  56.4  60.5  64.2  68.1  72.7  76.5  80.2  84.8  88.2  92.3  96.6 100.4 104.4 108.6 112.4 116.4
Execution times:   0.3   0.4   0.4   0.2   0.1   0.2   0.4   0.5   0.1   0.2   0.1   0.4   0.3   0.3   0.4   0.3   0.2   0.1   0.4   0.4   0.2   0.5   0.2   0.3   0.1   0.4   0.4   0.3   0.4   0.1
Read  Intervals:   3.6   4.0   4.4   3.8   3.8   4.3   3.7   4.0   4.3   3.7   4.0   4.3   3.7   4.0   4.2   3.8   4.0   4.3   3.8   3.9   4.3   3.7   4.0   4.5   3.5   4.0   4.3   3.7   4.3
Write Intervals:   3.7   4.0   4.2   3.7   3.9   4.5   3.8   3.6   4.4   3.6   4.3   4.2   3.7   4.1   4.1   3.7   3.9   4.6   3.8   3.7   4.6   3.4   4.1   4.3   3.8   4.0   4.2   3.8   4.0
read  intervals: AVG = 3.997, VAR = 0.073
write intervals: AVG = 3.990, VAR = 0.095

### Timer3 ###
jitter = 0.7
pattern        :   0.7   0.0   0.0   0.3   0.2   0.1   0.4   0.0   0.1   0.5   0.0   0.0   0.5   0.0   0.0   0.4   0.2   0.0   0.4   0.0   0.4   0.5   0.0   0.0
read       time:   0.7   5.0  10.0  15.3  20.2  25.1  30.4  35.0  40.1  45.5  50.0  55.0  60.5  65.0  70.0  75.4  80.2  85.0  90.4  95.0 100.4 105.5 110.0 115.0
write      time:   1.0   5.3  10.2  15.7  20.6  25.4  30.8  35.1  40.5  45.7  50.4  55.2  60.9  65.1  70.4  75.7  80.4  85.3  90.7  95.4 100.7 105.7 110.4 115.4
Execution times:   0.3   0.3   0.2   0.4   0.4   0.3   0.4   0.1   0.4   0.2   0.4   0.2   0.4   0.1   0.4   0.3   0.2   0.3   0.3   0.4   0.3   0.2   0.4   0.4
Read  Intervals:   4.3   5.0   5.3   4.9   4.9   5.3   4.6   5.1   5.4   4.5   5.0   5.5   4.5   5.0   5.4   4.8   4.8   5.4   4.6   5.4   5.1   4.5   5.0
Write Intervals:   4.3   4.9   5.5   4.9   4.8   5.4   4.3   5.4   5.2   4.7   4.8   5.7   4.2   5.3   5.3   4.7   4.9   5.4   4.7   5.3   5.0   4.7   5.0
read  intervals: AVG = 4.970, VAR = 0.119
write intervals: AVG = 4.974, VAR = 0.157

### Sub1 ###
jitter = 1.0
pattern        :   1.0   0.4   0.2   0.4   0.6   0.7   0.5   0.8   0.7   0.5   0.8   0.4   0.5   0.3   0.3   0.7   0.6   0.4   0.4   0.4   0.9   0.5   0.3   0.4   0.7   0.7   0.4   0.8   0.8   0.5   0.7   0.2   0.6   0.3   0.2   0.7   0.6   0.4   0.3   0.4
read       time:   1.0   3.4   6.2   9.4  12.6  15.7  18.5  21.8  24.7  27.5  30.8  33.4  36.5  39.3  42.3  45.7  48.6  51.4  54.4  57.4  60.9  63.5  66.3  69.4  72.7  75.7  78.4  81.8  84.8  87.5  90.7  93.2  96.6  99.3 102.2 105.7 108.6 111.4 114.3 117.4
write      time:   1.2   3.8   6.3   9.7  13.1  16.2  18.7  22.1  25.1  28.0  31.0  33.7  36.6  39.6  42.5  46.0  49.0  51.9  54.9  57.8  61.3  63.8  66.7  69.7  72.8  76.1  78.6  82.0  85.0  87.9  91.0  93.3  96.9  99.6 102.7 105.8 108.9 111.8 114.5 117.6
Execution times:   0.2   0.4   0.1   0.3   0.5   0.5   0.2   0.3   0.4   0.5   0.2   0.3   0.1   0.3   0.2   0.3   0.4   0.5   0.5   0.4   0.4   0.3   0.4   0.3   0.1   0.4   0.2   0.2   0.2   0.4   0.3   0.1   0.3   0.3   0.5   0.1   0.3   0.4   0.2   0.2
Read  Intervals:   2.4   2.8   3.2   3.2   3.1   2.8   3.3   2.9   2.8   3.3   2.6   3.1   2.8   3.0   3.4   2.9   2.8   3.0   3.0   3.5   2.6   2.8   3.1   3.3   3.0   2.7   3.4   3.0   2.7   3.2   2.5   3.4   2.7   2.9   3.5   2.9   2.8   2.9   3.1
Write Intervals:   2.6   2.5   3.4   3.4   3.1   2.5   3.4   3.0   2.9   3.0   2.7   2.9   3.0   2.9   3.5   3.0   2.9   3.0   2.9   3.5   2.5   2.9   3.0   3.1   3.3   2.5   3.4   3.0   2.9   3.1   2.3   3.6   2.7   3.1   3.1   3.1   2.9   2.7   3.1
read  intervals: AVG = 2.985, VAR = 0.075
write intervals: AVG = 2.985, VAR = 0.094

### Sub2 ###
jitter = 1.4
pattern        :   1.2   0.4   0.4   1.1   0.5   0.6   1.4   0.5   0.1   0.6   0.5   0.4   1.0   0.3   0.4   1.3   0.2   0.1   0.8   1.0   0.4   1.3   0.2   0.3   0.9   0.7   0.4   0.9   0.4   0.4
read       time:   1.2   4.4   8.4  13.1  16.5  20.6  25.4  28.5  32.1  36.6  40.5  44.4  49.0  52.3  56.4  61.3  64.2  68.1  72.8  77.0  80.4  85.3  88.2  92.3  96.9 100.7 104.4 108.9 112.4 116.4
write      time:   1.3   4.6   8.6  13.5  16.7  21.1  25.7  28.9  32.2  36.7  40.6  44.8  49.3  52.5  56.8  61.5  64.6  68.3  73.1  77.2  80.6  85.4  88.3  92.5  97.0 101.1 104.5 109.1 112.6 116.6
Execution times:   0.1   0.2   0.2   0.4   0.2   0.5   0.3   0.4   0.1   0.1   0.1   0.4   0.3   0.2   0.4   0.2   0.4   0.2   0.3   0.2   0.2   0.1   0.1   0.2   0.1   0.4   0.1   0.2   0.2   0.2
Read  Intervals:   3.2   4.0   4.7   3.4   4.1   4.8   3.1   3.6   4.5   3.9   3.9   4.6   3.3   4.1   4.9   2.9   3.9   4.7   4.2   3.4   4.9   2.9   4.1   4.6   3.8   3.7   4.5   3.5   4.0
Write Intervals:   3.3   4.0   4.9   3.2   4.4   4.6   3.2   3.3   4.5   3.9   4.2   4.5   3.2   4.3   4.7   3.1   3.7   4.8   4.1   3.4   4.8   2.9   4.2   4.5   4.1   3.4   4.6   3.5   4.0
read  intervals: AVG = 3.972, VAR = 0.350
write intervals: AVG = 3.976, VAR = 0.358

### Sub3 ###
jitter = 1.6
pattern        :   1.3   0.3   0.2   1.3   1.6   0.7   1.0   0.1   0.6   1.0   0.4   0.2   1.5   0.1   0.4   1.5   0.6   0.4   1.0   0.4   1.1   0.8   0.4   0.4
read       time:   1.3   5.3  10.2  16.3  21.6  25.7  31.0  35.1  40.6  46.0  50.4  55.2  61.5  65.1  70.4  76.5  80.6  85.4  91.0  95.4 101.1 105.8 110.4 115.4
write      time:   1.6   5.7  10.5  16.5  21.8  25.8  31.3  35.5  40.8  46.1  50.5  55.5  61.7  65.5  70.7  77.0  81.0  85.8  91.3  95.8 101.4 106.3 110.8 115.9
Execution times:   0.3   0.4   0.3   0.2   0.2   0.1   0.3   0.4   0.2   0.1   0.1   0.3   0.2   0.4   0.3   0.5   0.4   0.4   0.3   0.4   0.3   0.5   0.4   0.5
Read  Intervals:   4.0   4.9   6.1   5.3   4.1   5.3   4.1   5.5   5.4   4.4   4.8   6.3   3.6   5.3   6.1   4.1   4.8   5.6   4.4   5.7   4.7   4.6   5.0
Write Intervals:   4.1   4.8   6.0   5.3   4.0   5.5   4.2   5.3   5.3   4.4   5.0   6.2   3.8   5.2   6.3   4.0   4.8   5.5   4.5   5.6   4.9   4.5   5.1
read  intervals: AVG = 4.961, VAR = 0.524
write intervals: AVG = 4.970, VAR = 0.484

### Sub4 ###
jitter = 2.2
pattern        :   1.6   0.7   0.5   1.7   2.1   0.8   1.3   0.5   0.8   1.1   0.5   0.5   1.7   0.5   0.7   2.2   1.4   0.8   1.3   0.8   1.4   1.3   0.8   0.9
read       time:   1.6   5.7  10.5  16.7  22.1  25.8  31.3  35.5  40.8  46.1  50.5  55.5  61.7  65.5  70.7  77.2  81.4  85.8  91.3  95.8 101.4 106.3 110.8 115.9
write      time:   1.9   6.1  10.8  17.0  22.4  26.0  31.7  36.0  41.2  46.5  50.7  55.9  62.1  66.0  70.9  77.6  81.8  86.2  91.4  96.3 101.7 106.5 111.1 116.3
Execution times:   0.3   0.4   0.3   0.3   0.3   0.2   0.4   0.5   0.4   0.4   0.2   0.4   0.4   0.5   0.2   0.4   0.4   0.4   0.1   0.5   0.3   0.2   0.3   0.4
Read  Intervals:   4.1   4.8   6.2   5.4   3.7   5.5   4.2   5.3   5.3   4.4   5.0   6.2   3.8   5.2   6.5   4.2   4.4   5.5   4.5   5.6   4.9   4.5   5.1
Write Intervals:   4.2   4.7   6.2   5.4   3.6   5.7   4.3   5.2   5.3   4.2   5.2   6.2   3.9   4.9   6.7   4.2   4.4   5.2   4.9   5.4   4.8   4.6   5.2
read  intervals: AVG = 4.970, VAR = 0.559
write intervals: AVG = 4.974, VAR = 0.568

Polling Point: 1.0 1.6 3.4 4.4 5.3 5.7 6.2 8.4 9.4 10.2 10.5 12.6 15.7 16.5 18.5 20.6 21.8 24.7 25.7 25.8 27.5 28.5 30.8 31.3 32.1 33.4 35.1 35.5 36.5 39.3 40.5 40.8 42.3 44.4 45.7 46.1 48.6 50.4 50.5 51.4 52.3 54.4 55.2 55.5 56.4 57.4 60.9 61.7 63.5 64.2 65.1 65.5 66.3 68.1 69.4 70.4 70.7 72.7 75.7 77.0 78.4 80.4 81.0 81.8 84.8 85.4 85.8 87.5 88.2 90.7 91.3 92.3 93.2 95.4 95.8 96.6 99.3 100.7 101.4 102.2 104.4 105.7 106.3 108.6 110.4 110.8 111.4 112.4 114.3 115.4 115.9 116.4 117.4
PP  Intervals: 0.6 1.8 1.0 0.9 0.4 0.5 2.2 1.0 0.8 0.3 2.1 3.1 0.8 2.0 2.1 1.2 2.9 1.0 0.1 1.7 1.0 2.3 0.5 0.8 1.3 1.7 0.4 1.0 2.8 1.2 0.3 1.5 2.1 1.3 0.4 2.5 1.8 0.1 0.9 0.9 2.1 0.8 0.3 0.9 1.0 3.5 0.8 1.8 0.7 0.9 0.4 0.8 1.8 1.3 1.0 0.3 2.0 3.0 1.3 1.4 2.0 0.6 0.8 3.0 0.6 0.4 1.7 0.7 2.5 0.6 1.0 0.9 2.2 0.4 0.8 2.7 1.4 0.7 0.8 2.2 1.3 0.6 2.3 1.8 0.4 0.6 1.0 1.9 1.1 0.5 0.5 1.0
AVG = 1.26, VAR = 0.62

No read times detected between other objects' read and write times.
